1 0.505859375 0.3369140625 0.01953125 0.013671875
1 0.513671875 0.361328125 0.021484375 0.0078125
1 0.537109375 0.322265625 0.0166015625 0.013671875
1 0.552734375 0.330078125 0.017578125 0.0146484375
1 0.5595703125 0.310546875 0.015625 0.015625
1 0.583984375 0.3466796875 0.0166015625 0.021484375
1 0.5927734375 0.3642578125 0.0146484375 0.0244140625
1 0.6083984375 0.369140625 0.01171875 0.01953125
1 0.62109375 0.3388671875 0.017578125 0.0126953125
1 0.6328125 0.33203125 0.0185546875 0.013671875
1 0.65234375 0.337890625 0.017578125 0.0146484375
1 0.6708984375 0.31640625 0.0146484375 0.0166015625
1 0.693359375 0.32421875 0.0146484375 0.0146484375
1 0.5546875 0.376953125 0.0146484375 0.013671875
1 0.5615234375 0.388671875 0.013671875 0.01171875
1 0.5927734375 0.4091796875 0.0107421875 0.015625
1 0.6064453125 0.390625 0.01171875 0.017578125
1 0.634765625 0.38671875 0.015625 0.013671875
1 0.67578125 0.353515625 0.015625 0.017578125
1 0.6669921875 0.3701171875 0.0146484375 0.017578125
1 0.673828125 0.37890625 0.015625 0.0126953125
1 0.671875 0.390625 0.0126953125 0.01953125
1 0.7001953125 0.3671875 0.015625 0.0146484375
1 0.708984375 0.3837890625 0.0126953125 0.0185546875
1 0.7578125 0.392578125 0.0166015625 0.0146484375
1 0.7744140625 0.4091796875 0.017578125 0.013671875
1 0.771484375 0.4306640625 0.01171875 0.01953125
1 0.6943359375 0.4169921875 0.0166015625 0.0107421875
1 0.6494140625 0.416015625 0.013671875 0.015625
1 0.6259765625 0.412109375 0.0107421875 0.021484375
1 0.630859375 0.4013671875 0.0166015625 0.015625
1 0.56640625 0.517578125 0.0146484375 0.017578125
1 0.5546875 0.5537109375 0.0146484375 0.01953125
1 0.53515625 0.564453125 0.015625 0.015625
1 0.701171875 0.4619140625 0.0166015625 0.01171875
1 0.7099609375 0.46484375 0.0126953125 0.01171875
1 0.57421875 0.732421875 0.0146484375 0.0126953125
1 0.57421875 0.7412109375 0.0126953125 0.0107421875