1 0.8125 0.388671875 0.154296875 0.0888671875
1 0.662109375 0.4306640625 0.103515625 0.052734375
1 0.6982421875 0.5947265625 0.1181640625 0.07421875
1 0.310546875 0.623046875 0.1201171875 0.0673828125
1 0.748046875 0.6240234375 0.16796875 0.09375
1 0.564453125 0.646484375 0.04296875 0.0380859375
1 0.53515625 0.681640625 0.1083984375 0.0888671875
1 0.669921875 0.703125 0.0693359375 0.03125
1 0.6572265625 0.71875 0.05078125 0.01953125
1 0.705078125 0.7509765625 0.05078125 0.0166015625
1 0.7177734375 0.7705078125 0.083984375 0.0166015625
1 0.759765625 0.802734375 0.04296875 0.009765625
1 0.720703125 0.8115234375 0.0478515625 0.0068359375
1 0.7275390625 0.8505859375 0.0888671875 0.029296875
1 0.84765625 0.8603515625 0.0458984375 0.009765625
1 0.8837890625 0.8642578125 0.041015625 0.01171875