1 0.5576171875 0.3798828125 0.029296875 0.01953125
1 0.994140625 0.3818359375 0.0068359375 0.029296875
1 0.48828125 0.384765625 0.0380859375 0.052734375
1 0.7880859375 0.384765625 0.029296875 0.0244140625
1 0.34375 0.4375 0.029296875 0.029296875
1 0.1884765625 0.4755859375 0.01171875 0.029296875
1 0.51171875 0.49609375 0.0146484375 0.0556640625
1 0.3447265625 0.4990234375 0.0361328125 0.021484375
1 0.09765625 0.5361328125 0.021484375 0.01953125
1 0.8173828125 0.552734375 0.029296875 0.04296875
1 0.7353515625 0.5888671875 0.029296875 0.033203125
1 0.66015625 0.60546875 0.01171875 0.052734375
1 0.91015625 0.625 0.0263671875 0.033203125
1 0.60546875 0.6884765625 0.029296875 0.0263671875
1 0.3369140625 0.7041015625 0.033203125 0.01953125
1 0.640625 0.716796875 0.021484375 0.04296875
1 0.130859375 0.822265625 0.03125 0.01953125
1 0.498046875 0.822265625 0.029296875 0.0146484375
1 0.802734375 0.830078125 0.009765625 0.05078125
1 0.330078125 0.8369140625 0.0263671875 0.033203125
1 0.775390625 0.8701171875 0.0166015625 0.0478515625
1 0.0166015625 0.890625 0.0146484375 0.0263671875
1 0.3447265625 0.9462890625 0.01171875 0.021484375
1 0.1474609375 0.1259765625 0.021484375 0.064453125
1 0.6552734375 0.1396484375 0.0166015625 0.0244140625
1 0.7958984375 0.1474609375 0.0244140625 0.064453125
1 0.607421875 0.015625 0.0166015625 0.03125
1 0.958984375 0.193359375 0.01953125 0.05078125
1 0.0986328125 0.197265625 0.0146484375 0.0380859375
1 0.4736328125 0.2138671875 0.0380859375 0.029296875
1 0.4638671875 0.021484375 0.0380859375 0.0244140625
1 0.91796875 0.0244140625 0.0244140625 0.033203125
1 0.365234375 0.259765625 0.029296875 0.029296875
1 0.33203125 0.267578125 0.0380859375 0.021484375
1 0.369140625 0.26953125 0.03125 0.0244140625
1 0.6708984375 0.2822265625 0.029296875 0.0263671875