1 0.6103515625 0.27734375 0.0576171875 0.15625
1 0.728515625 0.4052734375 0.0576171875 0.07421875
1 0.5615234375 0.439453125 0.05078125 0.125
1 0.541015625 0.56640625 0.0478515625 0.11328125
1 0.494140625 0.6201171875 0.041015625 0.1005859375
1 0.400390625 0.669921875 0.0361328125 0.064453125
1 0.8017578125 0.7275390625 0.05078125 0.064453125
1 0.533203125 0.794921875 0.04296875 0.064453125
1 0.591796875 0.880859375 0.04296875 0.0556640625
1 0.6630859375 0.9462890625 0.04296875 0.05078125
1 0.619140625 0.123046875 0.0556640625 0.1494140625