1 0.60546875 0.814453125 0.0625 0.0244140625
1 0.90625 0.8291015625 0.0478515625 0.0244140625
1 0.103515625 0.8525390625 0.0673828125 0.0263671875
1 0.38671875 0.876953125 0.0478515625 0.029296875
1 0.4208984375 0.91015625 0.0576171875 0.03125
1 0.166015625 0.916015625 0.0478515625 0.033203125
1 0.447265625 0.93359375 0.0625 0.021484375
1 0.51171875 0.94921875 0.0576171875 0.0380859375
1 0.25390625 0.953125 0.060546875 0.03125
1 0.2080078125 0.95703125 0.060546875 0.01953125
1 0.8330078125 0.9697265625 0.064453125 0.021484375
1 0.712890625 0.970703125 0.0556640625 0.033203125
1 0.8134765625 0.990234375 0.060546875 0.01953125
1 0.3916015625 0.9931640625 0.0625 0.009765625