1 0.630859375 0.38671875 0.07421875 0.0625
1 0.5068359375 0.404296875 0.0771484375 0.072265625
1 0.548828125 0.044921875 0.0693359375 0.0693359375
1 0.8173828125 0.4580078125 0.0869140625 0.0556640625
1 0.298828125 0.4638671875 0.0693359375 0.0625
1 0.9052734375 0.0517578125 0.09375 0.0791015625
1 0.6240234375 0.5869140625 0.083984375 0.052734375
1 0.1201171875 0.5888671875 0.072265625 0.0478515625
1 0.4150390625 0.720703125 0.0693359375 0.0673828125
1 0.419921875 0.8447265625 0.064453125 0.041015625
1 0.3447265625 0.9365234375 0.0693359375 0.041015625
1 0.126953125 0.23828125 0.0771484375 0.052734375
1 0.84375 0.240234375 0.091796875 0.072265625