1 0.833984375 0.3115234375 0.10546875 0.083984375
1 0.33984375 0.3134765625 0.103515625 0.083984375
1 0.7099609375 0.37109375 0.103515625 0.0888671875
1 0.96875 0.3818359375 0.0625 0.0673828125
1 0.408203125 0.5048828125 0.0673828125 0.0869140625
1 0.794921875 0.599609375 0.07421875 0.0693359375
1 0.3427734375 0.740234375 0.07421875 0.0576171875
1 0.1005859375 0.765625 0.0576171875 0.07421875
1 0.6318359375 0.78125 0.10546875 0.08203125
1 0.712890625 0.974609375 0.07421875 0.05078125
1 0.9443359375 0.099609375 0.10546875 0.0888671875
1 0.1728515625 0.1767578125 0.072265625 0.0791015625