1 0.8837890625 0.3369140625 0.0791015625 0.0380859375
1 0.35546875 0.3837890625 0.08203125 0.0458984375
1 0.5263671875 0.392578125 0.0576171875 0.041015625
1 0.08984375 0.443359375 0.0693359375 0.0458984375
1 0.275390625 0.4462890625 0.064453125 0.05078125
1 0.38671875 0.44921875 0.0625 0.04296875
1 0.072265625 0.4638671875 0.0869140625 0.04296875
1 0.443359375 0.50390625 0.064453125 0.0458984375
1 0.84375 0.5166015625 0.072265625 0.0380859375
1 0.748046875 0.525390625 0.0625 0.0556640625
1 0.6005859375 0.541015625 0.0625 0.0478515625
1 0.087890625 0.5625 0.064453125 0.052734375
1 0.912109375 0.61328125 0.0556640625 0.0478515625
1 0.244140625 0.6162109375 0.0693359375 0.05078125
1 0.4443359375 0.6416015625 0.0673828125 0.04296875
1 0.5361328125 0.654296875 0.052734375 0.0380859375
1 0.9228515625 0.7080078125 0.0673828125 0.0361328125
1 0.900390625 0.8017578125 0.0556640625 0.0458984375