1 0.1728515625 0.4609375 0.05078125 0.0654296875
1 0.341796875 0.26171875 0.0556640625 0.0634765625
1 0.41796875 0.38671875 0.041015625 0.048828125
1 0.515625 0.36328125 0.037109375 0.0703125
1 0.76171875 0.203125 0.0478515625 0.0595703125
1 0.638671875 0.3701171875 0.04296875 0.048828125
1 0.609375 0.1611328125 0.0361328125 0.0400390625
1 0.57421875 0.1787109375 0.0263671875 0.03515625
1 0.583984375 0.2412109375 0.033203125 0.056640625
1 0.599609375 0.314453125 0.02734375 0.0361328125
1 0.5888671875 0.35546875 0.0234375 0.0380859375