1 0.359375 0.25 0.0693359375 0.029296875
1 0.6943359375 0.33203125 0.095703125 0.0244140625
1 0.15625 0.3505859375 0.0673828125 0.0380859375
1 0.2880859375 0.3818359375 0.052734375 0.0244140625
1 0.0771484375 0.482421875 0.134765625 0.03125
1 0.953125 0.5244140625 0.0458984375 0.033203125
1 0.5673828125 0.728515625 0.052734375 0.052734375
1 0.8740234375 0.73828125 0.0556640625 0.01953125
1 0.103515625 0.7724609375 0.0673828125 0.041015625
1 0.3701171875 0.8427734375 0.0244140625 0.021484375
1 0.33984375 0.857421875 0.0263671875 0.01171875
1 0.875 0.955078125 0.04296875 0.0263671875